state: RUNNING
owner_pid   : 5460
trigger_time: 1065.877537095
tstamp      : 1953.111875534
delay       : 1344
avail       : 15040
avail_max   : 15040
-----
hw_ptr      : 42590064
appl_ptr    : 42591408
